layout_spectrum: 0.9820789
typography_spectrum: 0.06810036
color:
  saturation: 0.3620072
  lightness: 0.625448
  brandStrength: 0.6091906
  rhythmicContrast: 0.3512545
name: RandomThoughts
