layout_spectrum: 0.07526882
color:
  saturation: 0.3620072
  lightness: 0.625448
  brandStrength: 0.6091906
  rhythmicContrast: 0.3512545
typography_spectrum: 0.06810036
name: RandomThoughts
